,id
0,3396
1,3397
2,3407
3,3435
4,3465
5,3497
6,3501
7,3502
8,3503
9,3525
10,3526
11,3562
12,3578
13,3579
14,3607
15,3608
16,3612
17,3613
18,3616
19,3619
20,3620
21,3621
22,3650
23,3671
24,3672
25,3674
26,3694
27,3697
28,3720
29,3730
30,3731
31,3745
32,3746
33,3747
34,3748
35,3753
36,3757
37,3798
38,3807
39,3842
40,3843
41,3844
42,3845
43,3846
44,3847
45,3849
46,3851
47,3852
48,3854
49,3855
50,3856
51,3932
52,3933
53,3935
54,3936
55,3937
56,3938
57,3939
58,3940
59,3941
60,3942
61,3943
62,3944
63,3945
64,3946
65,3948
66,3950
67,3959
68,3960
69,3962
70,3963
71,3964
72,3965
73,3967
74,3968
75,3969
76,3971
77,3972
78,3981
79,3982
80,3992
81,3993
82,3994
83,3995
84,3996
85,3997
86,3998
87,3999
88,4000
89,4001
90,4002
91,4003
92,4004
93,4005
94,4008
95,4009
96,4010
97,4011
98,4012
99,4013
100,4015
101,4021
102,4022
103,4023
104,4024
105,4026
106,4027
107,4028
108,4029
109,4030
110,4031
111,4032
112,4033
113,4034
114,4035
115,4039
116,4040
117,4041
118,4042
119,4043
120,4044
121,4045
122,4046
123,4047
124,4048
125,4049
126,4050
127,4051
128,4052
129,4053
130,4054
131,4055
132,4056
133,4059
134,4064
135,4067
136,4068
137,4071
138,4073
139,4074
140,4075
141,4076
142,4077
143,4223
144,4224
145,4225
146,4244
147,4282
148,4285
149,4286
150,4287
151,4289
152,4290
153,4291
154,4292
155,4293
156,4294
157,4295
158,4296
159,4297
160,4305
161,4306
162,4307
163,4308
164,4309
165,4310
166,4311
167,4312
168,4313
169,4314
170,4315
171,4316
172,4317
173,4319
174,4320
175,4321
176,4322
177,4338
178,4339
179,4341
180,4342
181,4343
182,4346
183,4347
184,4349
185,4350
186,4351
187,4353
188,4354
189,4355
190,4365
191,4366
192,4367
193,4369
194,4372
195,4375
196,4376
197,4379
198,4380
199,4381
200,4382
201,4383
202,4384
203,4385
204,4386
205,4388
206,4389
207,4390
208,4391
209,4392
210,4393
211,4395
212,4400
213,4402
214,4403
215,4404
216,4405
217,4406
218,4407
219,4408
220,4409
221,4413
222,4414
223,4415
224,4417
225,4418
226,4419
227,4423
228,4424
229,4425
230,4426
231,4427
232,4428
233,4430
234,4431
235,4432
236,4433
237,4434
238,4436
239,4437
240,4438
241,4439
242,4440
243,4443
244,4444
245,4445
246,4446
247,4447
248,4448
249,4449
250,4450
251,4451
252,4452
253,4453
254,4651
255,4652
256,4653
257,4654
258,4655
259,4682
260,4684
261,5081
262,5082
263,5130
264,5762
265,5763
266,5765
267,5766
268,7029
269,7037
270,7066
271,7067
272,7071
273,7101
274,9888
275,9890
276,9892
277,9893
278,9977
279,10013
280,10018
281,10023
282,10034
283,10057
284,10066
285,10098
286,10099
287,10100
288,10101
289,10102
290,10103
291,10170
292,10192
293,10193
294,10217
295,10258
296,10259
297,10386
298,10387
299,10388
300,10498
301,10499
302,10603
303,10604
304,10605
305,10645
306,10678
307,10812
308,10874
309,10878
310,10883
311,10884
312,10885
